version https://git-lfs.github.com/spec/v1
oid sha256:fb7e602497d2f40ed3cc5ee1b6b132151d8d217570303afbaa966bff4c389c2b
size 86491
